Drive_X,Drive_Y,Drive_Rotation,Lift,Mast,Claw,Winch,Time
0,0,0,0,0,0,0,0.006341
0,0,0,0,0,0,0,0.079208
0,0,0,0,0,0,0,0.141385
0,0,0,0,0,0,0,0.182743
0,0,0,0,0,0,0,0.230312
0,0,0,0,0,0,0,0.281148
0,0,0,0,0,0,0,0.328052
0,0,0,0,0,0,0,0.372374
0,0,-0.0876736111,0,0,0,0,0.425604
0,0,-0.2146267361,0,0,0,0,0.465774
0,0,-0.2146267361,0,0,0,0,0.503417
0,0,-0.3350694444,0,0,0,0,0.571432
0,0,-0.3350694444,0,0,0,0,0.619204
0,0,-0.3415798611,0,0,0,0,0.674776
0,0,-0.3415798611,0,0,0,0,0.746505
0,0,-0.3415798611,0,0,0,0,0.798345
0,0,-0.3415798611,0,0,0,0,0.844306
0,0,-0.3415798611,0,0,0,0,0.88997
0,0,-0.3448350694,0,0,0,0,0.947748
0,0,-0.3448350694,0,0,0,0,0.997995
0,0,-0.3611111111,0,0,0,0,1.027446
0,-2.61639044281547E-009,-0.3611111111,0,0,0,0,1.079663
0,-5.65140335648147E-007,-0.3611111111,0,0,0,0,1.128912
0,-2.42303918909143E-005,-0.3611111111,0,0,0,0,1.176076
0,-2.42303918909143E-005,-0.3611111111,0,0,0,0,1.224569
0,-0.0023148148,-0.1267361111,0,0,0,0,1.282091
0,-0.0052337646,0,0,0,0,0,1.329633
0,-0.0119681443,0,0,0,0,0,1.390279
0,-0.0366229802,0,0,0,0,0,1.449629
0,-0.1952310282,0,0,0,0,0,1.504113
0,-0.3389644126,0,0,0,0,0,1.55727
0,-0.3389644126,0,0,0,0,0,1.603371
0,-0.4142803642,0,0,0,0,0,1.65033
0,-0.4497041846,0,0,0,0,0,1.70863
0,-0.4619459223,0,0,0,0,0,1.771462
0,-0.4619459223,0.0166229221,0,0,0,0,1.828429
0,-0.4619459223,0.019903762,0,0,0,0,1.918756
0,-0.4619459223,0.0002187227,0,0,0,0,2.000163
0,-0.4142803642,0,0,0,0,0,2.069685
0,-0.4028996806,0,0,0,-0.9061302682,0,2.111158
0,-0.4028996806,0,0,0,-1,0,2.169559
0,-0.3917293549,0,0,0,-1,0,2.210217
0,-0.3917293549,0,0,0,-1,0,2.246083
0,-0.3807674246,0,0,0,-1,0,2.281277
0,-0.3491123838,0,0,0,-1,0,2.33357
0,-0.3389644126,0,0,0,-1,0,2.382804
0,-0.3003387451,0,0,0,-1,0,2.454519
0,-0.1816469122,0.0002187227,0,0,-1,0,2.4991
0,-0.144702982,0.1544181977,0,0,-1,0,2.566437
0,-0.144702982,0.1544181977,0,0,-1,0,2.616739
0,-0.0825588818,0.3611111111,0,0,-1,0,2.672419
0,-0.0644735407,0.3611111111,0,0,-1,0,2.738943
0,-0.0644735407,0.3611111111,0,0,-1,0,2.776687
0,-0.0520727396,0.2233158355,0,0,-1,0,2.823861
0,-0.019700206,0,0,0,-1,0,2.876802
0,-0.0046350953,0,0,0,-1,0,2.91836
0,-0.001971636,0,0,0,-1,0,2.964841
0,-0.0007522018,0,0,0,-1,0,3.04875
0,0,0,0,0,-1,0,3.091485
0,0,0,0,0,-1,0,3.134076
0,0,0,0,0,-1,0,3.182182
0,0,0,0,0,-1,0,3.218566
0,0,0,0,0,-1,0,3.262043
0,0,0,0,0,-1,0,3.313952
0,0,0,0,0,-1,0,3.358082
0,0,0,0,0,-1,0,3.407742
0,0,0,0.0234604106,0,-1,0,3.451492
0,0,0,0.0234604106,0,-1,0,3.496768
0,0,0,0.0234604106,0,-1,0,3.545916
0,0,0,0.0234604106,0,-1,0,3.590763
0,0,0,0,0,-1,0,3.628211
0,0,0,0,0,-1,0,3.681119
0,0,0,0,0,-1,0,3.726321
0,0,0,0,0,-1,0,3.766726
0,0,0,0,0,-1,0,3.811004
0,0,0,0,0,-1,0,3.852618
0,0,0,0,0,-1,0,3.903715
0,0,0,0,0,-1,0,3.939038
0,0,0,0,0,-1,0,3.983775
0,0,0,0,0,-1,0,4.03396
0,0,0,0.7898338221,0,-1,0,4.074336
0,0,0,0.7898338221,0,-1,0,4.117988
0,0,0,0.7898338221,0,-1,0,4.159188
0,0,0,0.7898338221,0,-1,0,4.20996
0,0,0,0.7898338221,0,-1,0,4.27201
0,0,0,0.7898338221,0,-1,0,4.319764
0,0,0,0.7898338221,0,-1,0,4.376275
0,0,0,0.7898338221,0,-1,0,4.416967
0,0,0,0.7898338221,0,-1,0,4.466516
0,0,0,0.7898338221,0,-1,0,4.515262
0,0,0,0.7898338221,0,-1,0,4.562945
0,-2.61639044281547E-009,0,0.7898338221,0,-1,0,4.647741
0,-0.0013904572,0.177384077,0.7898338221,0,-1,0,4.691113
0,-0.0013904572,0.177384077,0.7898338221,0,-1,0,4.743375
0,-0.0245781913,0.3611111111,0.7898338221,0,-1,0,4.795754
0,-0.0366229802,0.3611111111,0.7898338221,0,-1,0,4.841928
0,-0.061206938,0.3611111111,0.7898338221,0,-1,0,4.901482
0,-0.1037446455,0.3611111111,0.7898338221,0,-1,0,4.954297
0.000012033,-0.1563985874,0.3611111111,0.7898338221,0,-1,0,4.998672
4.98492836740272E-005,-0.175097786,0.3611111111,0.7898338221,0,-1,0,5.044049
0,-0.175097786,0.3611111111,0.7898338221,0,-1,0,5.100745
0,-0.1816469122,0.3611111111,0.7898338221,0,0,0,5.155688
0,-0.168707998,0.3611111111,0.7898338221,0,0,0,5.209266
0,-0.168707998,0.3611111111,0.7898338221,0,0,0,5.260925
0,-0.1563985874,0.3611111111,0.7898338221,0,0,0,5.313674
0,-0.1816469122,0.3611111111,0.7898338221,0,0,0,5.368175
0,-0.240011571,0.3611111111,0.7898338221,0,0,0,5.413529
0,-0.2911640711,0.3611111111,0.7898338221,0,0,0,5.473091
0,-0.3389644126,0.3611111111,0.7898338221,0,0,0,5.520753
0,-0.3594609013,0.3611111111,0.7898338221,0,0,0,5.58989
0,-0.3594609013,0.3611111111,0.7898338221,0,0,0,5.634466
0,-0.7189218027,0.7222222222,0.7898338221,0,0,0,5.682193
0,-0.7189218027,0.7222222222,0.7898338221,0,0,0,5.732411
0,-0.7615348491,0.7222222222,0.7898338221,0,0,0,5.795053
0,-0.8517467357,0.7222222222,0.7898338221,0,0,0,5.845665
0,-0.8994083692,0.7222222222,0.7898338221,0,0,0,5.901643
0,-0.8994083692,0.7222222222,0.7898338221,0,0,0,5.960647
0,-0.8994083692,0.7222222222,0.7898338221,0,0,0,6.001839
0,-0.8994083692,0.7222222222,0.7898338221,0,0,0,6.064651
0,-0.8994083692,0.7222222222,0.7898338221,0,0,0,6.13499
0,-0.8994083692,0.7222222222,0.7898338221,0,0,0,6.198963
0,-0.8994083692,0.7222222222,0.7898338221,0,0,0,6.245304
0,-0.8994083692,0.7222222222,0.7898338221,0,0,0,6.309668
0,-0.8994083692,0.7222222222,0.7898338221,0,0,0,6.36331
0.000024066,-0.8994083692,0.7222222222,0.7898338221,0,0,0,6.41814
0.000024066,-0.8994083692,0.7222222222,0.7898338221,0,0,0,6.465022
0.0002605133,-0.8285607284,0.7222222222,0.7898338221,0,0,0,6.52106
0.0002605133,-0.8285607284,0.7222222222,0.7898338221,0,0,0,6.589653
0.0005386543,-0.8057993613,0.7222222222,0.7898338221,0,0,0,6.664229
0.0017336827,-0.4619459223,0.3611111111,0.7898338221,0,0,0,6.725394
0.0004831329,-0.4870918677,0.3118985127,0.7898338221,0,0,0,6.781875
0.0004831329,-0.4870918677,0.3118985127,0.7898338221,0,0,0,6.832054
0.0017336827,-0.5,0,0.7898338221,0,0,0,6.896025
0.0007877461,-0.5,0,0.7898338221,0,0,0,6.966603
0.0002693272,-0.5,-0.0030381944,0.7898338221,0,0,0,7.041982
0,-0.5,-0.3415798611,0.7898338221,0,0,0,7.11207
0,-0.5,-0.3415798611,0.7898338221,0,0,0,7.161061
0,-0.5,-0.2016059028,0.7898338221,0,0,0,7.232821
0.0311261868,-0.5,0,0.7898338221,0,0,0,7.340068
0.0507005815,-0.5,0,0.7898338221,0,0,0,7.435828
0.0507005815,-0.5,0,0.7898338221,0,0,0,7.515319
0.0507005815,-0.5,0,0.7898338221,0,0,0,7.584009
0.0507005815,-0.5,0,0.7898338221,0,0,0,7.636882
0.0507005815,-0.5,0,0.7898338221,0,0,0,7.69895
0.0507005815,-0.5,0,0.7898338221,0,0,0,7.749712
0.0507005815,-0.5,0.1544181977,0.7898338221,0,0,0,7.817125
0.0507005815,-0.5,0.3611111111,0.7898338221,0,0,0,7.883576
0.0235874758,-0.5,0.2528433946,0.7898338221,0,0,0,7.960171
0.0017336827,-0.5,0,0.7898338221,0,0,0,8.023308
0.0017336827,-0.5,0,0.2541544477,0,0,0,8.091545
0.0017336827,-0.5,0,0,0,0,0,8.150154
0.0017336827,-0.5,0,-0.6089931574,0,0,0,8.199614
0.0017336827,-0.5,0,-0.7497556207,0,0,0,8.241143
0.0017336827,-0.5,0,-0.7497556207,0,0,0,8.283411
0.0054224165,-0.5,0,-0.7497556207,0,0,0,8.353728
0.0084223672,-0.5,0,-0.6950146628,0,0,0,8.422182
0.0084223672,-0.5,0,-0.6950146628,0,0,0,8.461958
0.0102674909,-0.5,0.0428696413,-0.6950146628,0,0,0,8.534604
0.0123641428,-0.5,0.3053368329,-0.5855327468,0,0,0,8.579542
0.0203239896,-0.5,0.3611111111,-0.57771261,0,0,0,8.626986
0.000012033,-0.5,0.3611111111,-0.5464320626,0,0,0,8.698234
0,-0.4619459223,0.3611111111,-0.5464320626,0,0,0,8.753621
0,-0.4619459223,0.3611111111,-0.4369501466,0,0,0,8.796547
0,-0.4619459223,0.3611111111,-0.4369501466,0,0,0,8.839761
0,-0.4619459223,0.3611111111,-0.3900293255,0,0,0,8.897267
-0.0016641708,-0.4619459223,0.3611111111,-0.3352883675,0,0,0,8.950915
-0.0016641708,-0.4619459223,0.3611111111,-0.1710654936,0,0,0,9.00196
-0.019700206,-0.4619459223,0.3611111111,-0.1710654936,0,0,0,9.065508
-0.0168360957,-0.4619459223,0.3611111111,-0.0615835777,0,0,0,9.134239
-0.0001220703,-0.4619459223,0.3611111111,-0.0615835777,0,0,0,9.18792
-0.0001220703,-0.4619459223,0.3611111111,-0.0615835777,0,0,0,9.231599
-0.0001220703,-0.4619459223,0.3611111111,-0.0615835777,0,0,0,9.287339
-0.0099329065,-0.4619459223,0.3611111111,-0.0615835777,0,0,0,9.345388
-0.0099329065,-0.4497041846,0.3611111111,-0.0615835777,0,0,0,9.398573
-0.0343905058,-0.3807674246,0.3611111111,-0.0615835777,0,0,0,9.446639
-0.1282761185,-0.2647648355,0.3611111111,-0.0615835777,0,0,0,9.505893
-0.3807674246,-0.0787016289,0.3611111111,-0.0615835777,0,0,0,9.557756
-0.3807674246,-0.0787016289,0.3611111111,-0.0615835777,0,0,0,9.603925
-0.3807674246,-0.0713513247,0.3611111111,-0.0615835777,0,0,0,9.663477
-0.4258733679,-0.0948825909,0.3512685914,-0.0615835777,0,0,0,9.721272
-0.1504750402,-0.0550084997,0,-0.0615835777,0,0,0,9.775995
-0.00045948,-0.0035782567,0,-0.1710654936,0,0,0,9.822489
0,0,0,-0.4134897361,0,0,0,9.903578
0,0,0,-0.7497556207,0,0,0,9.973121
0,0,0,-0.7497556207,0,0,0,10.019354
0,0,0,-0.7497556207,0,0,0,10.061586
0,0,0,-0.7497556207,0,0,0,10.118118
0,0,0,-0.7497556207,0,0,0,10.171177
0,0,0,-0.7497556207,0,0,0,10.25459
0,0,0,-0.7497556207,0,0,0,10.300508
0,0,0,-0.7497556207,0,0,0,10.367256
0,0,0,-0.7497556207,0,0,0,10.452033
0,0,0,-0.7497556207,0,0,0,10.497813
0,0,0,-0.7497556207,0,0,0,10.538589
0,0,0,-0.7497556207,0,0,0,10.57778
0,0,0,-0.7497556207,0,0,0,10.649829
0,0,0,-0.7497556207,0,0,0,10.70778
0,0,0,-0.7497556207,0,0,0,10.761243
0,0,0,-0.7497556207,0,0,0,10.81881
0,0,0,-0.7497556207,0,0,0,10.885143
0,0,0,-0.7497556207,0,0,0,10.939547
0,0,0,-0.7497556207,0,0,0,10.995117
0,0,0,-0.7497556207,0,0,0,11.045053
0,0,0,-0.7497556207,0,0,0,11.110166
0,0,0,-0.7497556207,0,0,0,11.170776
0,0,0,-0.7497556207,0,0,0,11.227729
0,0,0,-0.7497556207,0,0,0,11.281537
0,0,0,-0.7497556207,0,0,0,11.335106
0,0,0,-0.7497556207,0,0,0,11.394722
0,0,0,-0.7497556207,0,0,0,11.433134
0,0,0,-0.7497556207,0,0,0,11.481047
0,0,0,-0.7497556207,0,0,0,11.540045
0,0,0,-0.7497556207,0,0,0,11.591015
0,0,0,-0.7497556207,0,0,0,11.635353
0,0,0,-0.7497556207,0,0,0,11.681686
0,0,0,-0.7497556207,0,0,0,11.718931
0,0,0,-0.7497556207,0,0,0,11.761526
0,0,0,-0.7497556207,0,0,0,11.803893
0,0,0,-0.7497556207,0,0,0,11.856776
0,0,0,-0.7497556207,0,0,0,11.894839
0,0,0,-0.6011730205,0,0,0,11.934794
0,0,0,-0.1710654936,0,0,0,11.988874
0,0,0,-0.1710654936,0,0,0,12.046559
0,0,0,-0.1710654936,0,0,0,12.091981
0,0,0,-0.0068426197,0,1,0,12.135118
0,0,0,-0.0068426197,0,1,0,12.184844
0,0,0,0,0,1,0,12.234291
0,0,0,0,0,1,0,12.281903
0,0,0,0,0,1,0,12.318663
0,0,0,0,0,1,0,12.35964
0,0,0,0,0,1,0,12.403287
0,0,0,0,0,1,0,12.459974
0,0,0,0,0,1,0,12.509033
0,0,0,0,0,1,0,12.560293
0,0,0,0,0,1,0,12.608367
0,0,0,0,0,1,0,12.663626
0,0,0,0,0,1,0,12.728317
0,0,0,0,0,1,0,12.772882
0,0,0,0,0,1,0,12.821156
0,0,0,0,0,0,0,12.868467
0,0,0,0,0,0,0,12.924845
0,0,0,0,0,0,0,12.979652
0,0,0,0,0,0,0,13.024014
0,0,0,0,0,0,0,13.079796
0,0,0,0,0,0,0,13.124393
0,0,0,0,0,0,0,13.176823
0,0,0,0,0,0,0,13.21498
0,0,0,0,0,0,0,13.263006
0,0,0,0,0,0,0,13.302009
0,0,0,0,0,0,0,13.35387
0,0,0,0,0,0,0,13.393265
0,0,0,0,0,0,0,13.449617
0,0,0,0,0,0,0,13.489075
0,0.0123641428,0,0,0,0,0,13.534634
0,0.0123641428,0,0,0,0,0,13.582265
0,0.1066825589,0,0,0,0,0,13.619401
0,0.0629934188,0,0,0,0,0,13.661937
0,0,0,0,0,0,0,13.701078
0,0,0,0,0,0,0,13.740945
0,0,0,0,0,0,0,13.794905
0,0,0,0,0,0,0,13.832578
0,0,0,0,0,0,0,13.887288
0,0.0160158941,0,0,0,0,0,13.933979
0,0.5,0,0,0,0,0,13.985384
0,0.2632912439,0,0,0,0,0,14.028036
0,0.2632912439,0,0,0,0,0,14.072301
0,0,0,0,0,0,0,14.121981
0,0,0,0,0,0,0,14.162646
0,0,0,0,0,0,0,14.213803
0,0,0,0,0,0,0,14.262573
0,0,0,0,0,0,0,14.309361
0,0,0,0,0,0,0,14.358136
0,0,0,0,0,0,0,14.401659
0,0,0,0,0,0,0,14.447463
0,0,0,0,0,0,0,14.504166
0,0,0,0,0,0,0,14.55731
0,0,0,0,0,0,0,14.608208
0,0,0,0,0,0,0,14.667701
0,0,0,0,0,0,0,14.708474
0,0,0,0,0,0,0,14.754639
0,0,0,0,0,0,0,14.809847
0,0,0,0,0,0,0,14.87447
0,0,0,0,0,0,0,14.918235
0,0,0,0,0,0,0,14.972436
0,0,0,0,0,0,0,15.021951
